    unsorted:	 755.6415873 893.0832421 894.0618450 886.3224201 881.7635050 868.0530185 863.4102900 905.7818402 910.0018349 851.8954012 848.6222159 845.4685728 837.9582629 927.1235437 823.2374497 936.4995938 941.3755448 804.1810350 799.1313863 790.8447612 783.6435218 962.8591072 755.8458557 974.3291804 752.6852779 988.9858350 985.8100289 1002.207413 1007.531316 1021.429240 734.0368776 728.0934431 724.7528117 1034.682346 1057.856221 1084.185722 1109.552577 652.5867848 1161.114951 1210.733775 565.4509832 0.004934897714 0.004934897716 0.004934298527 529.4726209 1263.112647 452.5365924 0.04234109306 1331.598865 374.2881559 358.6439960 1428.507674 187.2037007 116.4650727 1579.241244 1672.778781 1728.474273 1917.742062 2003.919064 2223.350531 2418.452340 2692.747323 3133.460524 3434.152428 3816.059353 3885.850735 4016.386669 4153.690749 4293.275775 4620.094213 4877.079718 5151.414440 5260.539439 5512.637928 5959.570225 6547.766971 7478.667873 7770.594172 10540.77624 13384.35135 18330.20331 26429.40877 36652.40154 38391.49753 45581.29358 57414.96431 85405.29201 158163.6317 516338.6907 2903480.809 10804960.85
      sorted:	 0.004934298527 0.004934897714 0.004934897716 0.04234109306 116.4650727 187.2037007 358.6439960 374.2881559 452.5365924 529.4726209 565.4509832 652.5867848 724.7528117 728.0934431 734.0368776 752.6852779 755.6415873 755.8458557 783.6435218 790.8447612 799.1313863 804.1810350 823.2374497 837.9582629 845.4685728 848.6222159 851.8954012 863.4102900 868.0530185 881.7635050 886.3224201 893.0832421 894.0618450 905.7818402 910.0018349 927.1235437 936.4995938 941.3755448 962.8591072 974.3291804 985.8100289 988.9858350 1002.207413 1007.531316 1021.429240 1034.682346 1057.856221 1084.185722 1109.552577 1161.114951 1210.733775 1263.112647 1331.598865 1428.507674 1579.241244 1672.778781 1728.474273 1917.742062 2003.919064 2223.350531 2418.452340 2692.747323 3133.460524 3434.152428 3816.059353 3885.850735 4016.386669 4153.690749 4293.275775 4620.094213 4877.079718 5151.414440 5260.539439 5512.637928 5959.570225 6547.766971 7478.667873 7770.594172 10540.77624 13384.35135 18330.20331 26429.40877 36652.40154 38391.49753 45581.29358 57414.96431 85405.29201 158163.6317 516338.6907 2903480.809 10804960.85
